# Tuning file for Max/MSP coll objects. - Created using Scale Workshop 2.5.7
# 
#
# https://sevish.com/scaleworkshop/?l=hFg_iFg_jFg_kFg_lFg_mFg_nFg_oFg_pFg_qFg_rFg_sFg_tFg_uFg_vFg_wFg&f=1j&m=x&version=2.5.7
#
0, 13.3203125;
1, 13.7500000;
2, 14.6093750;
3, 15.4687500;
4, 16.3281250;
5, 17.1875000;
6, 18.0468750;
7, 18.9062500;
8, 19.7656250;
9, 20.6250000;
10, 21.4843750;
11, 22.3437500;
12, 23.2031250;
13, 24.0625000;
14, 24.9218750;
15, 25.7812500;
16, 26.6406250;
17, 27.5000000;
18, 29.2187500;
19, 30.9375000;
20, 32.6562500;
21, 34.3750000;
22, 36.0937500;
23, 37.8125000;
24, 39.5312500;
25, 41.2500000;
26, 42.9687500;
27, 44.6875000;
28, 46.4062500;
29, 48.1250000;
30, 49.8437500;
31, 51.5625000;
32, 53.2812500;
33, 55.0000000;
34, 58.4375000;
35, 61.8750000;
36, 65.3125000;
37, 68.7500000;
38, 72.1875000;
39, 75.6250000;
40, 79.0625000;
41, 82.5000000;
42, 85.9375000;
43, 89.3750000;
44, 92.8125000;
45, 96.2500000;
46, 99.6875000;
47, 103.1250000;
48, 106.5625000;
49, 110.0000000;
50, 116.8750000;
51, 123.7500000;
52, 130.6250000;
53, 137.5000000;
54, 144.3750000;
55, 151.2500000;
56, 158.1250000;
57, 165.0000000;
58, 171.8750000;
59, 178.7500000;
60, 185.6250000;
61, 192.5000000;
62, 199.3750000;
63, 206.2500000;
64, 213.1250000;
65, 220.0000000;
66, 233.7500000;
67, 247.5000000;
68, 261.2500000;
69, 275.0000000;
70, 288.7500000;
71, 302.5000000;
72, 316.2500000;
73, 330.0000000;
74, 343.7500000;
75, 357.5000000;
76, 371.2500000;
77, 385.0000000;
78, 398.7500000;
79, 412.5000000;
80, 426.2500000;
81, 440.0000000;
82, 467.5000000;
83, 495.0000000;
84, 522.5000000;
85, 550.0000000;
86, 577.5000000;
87, 605.0000000;
88, 632.5000000;
89, 660.0000000;
90, 687.5000000;
91, 715.0000000;
92, 742.5000000;
93, 770.0000000;
94, 797.5000000;
95, 825.0000000;
96, 852.5000000;
97, 880.0000000;
98, 935.0000000;
99, 990.0000000;
100, 1045.0000000;
101, 1100.0000000;
102, 1155.0000000;
103, 1210.0000000;
104, 1265.0000000;
105, 1320.0000000;
106, 1375.0000000;
107, 1430.0000000;
108, 1485.0000000;
109, 1540.0000000;
110, 1595.0000000;
111, 1650.0000000;
112, 1705.0000000;
113, 1760.0000000;
114, 1870.0000000;
115, 1980.0000000;
116, 2090.0000000;
117, 2200.0000000;
118, 2310.0000000;
119, 2420.0000000;
120, 2530.0000000;
121, 2640.0000000;
122, 2750.0000000;
123, 2860.0000000;
124, 2970.0000000;
125, 3080.0000000;
126, 3190.0000000;
127, 3300.0000000;
